%YAML:1.0
---
image_points: !!opencv-matrix
  rows: 11
  cols: 2
  dt: i
  data: [
    100, 630,
    376, 432,
    367, 307,
    639, 138,
    695, 133,
    897, 175,
    951, 213,
    1036, 344,
    759, 567,
    103, 283,
    76, 269,
  ]
world_points: !!opencv-matrix
  rows: 11
  cols: 2
  dt: d
  data: [
    43.605450, 1.448632, # Fnac
    43.605026, 1.448012, # c1
    43.604790, 1.448023, # c2
    43.604374, 1.447412, # c3
    43.604362, 1.447277, # c4
    43.604469, 1.446902, # c5
    43.604534, 1.446805, # c6
    43.604824, 1.446698, # c7
    43.605320, 1.447323, # c8
    43.604691, 1.448546, # pr
    43.604660, 1.448594, # pl
  ]
