%YAML:1.0
---
image_points: !!opencv-matrix
  rows: 11
  cols: 1
  dt: "2f"
  data: [
    87.138428, 641.212341,
    382.523071, 432.377075,
    366.276917, 316.194122,
    643.938416, 139.713684,
    697.107666, 130.889648,
    892.061462, 176.480438,
    949.661438, 214.717896,
    1030.892212, 341.195557,
    757.661499, 570.620117,
    96.000000, 280.898071,
    76.799988, 266.191315
  ]
world_points: !!opencv-matrix
  rows: 11
  cols: 1
  dt: "3f"
  data: [
    43.605450, 1.448632, 0.0, # Fnac
    43.605026, 1.448012, 0.0, # c1
    43.604790, 1.448023, 0.0, # c2
    43.604374, 1.447412, 0.0, # c3
    43.604362, 1.447277, 0.0, # c4
    43.604469, 1.446902, 0.0, # c5
    43.604534, 1.446805, 0.0, # c6
    43.604824, 1.446698, 0.0, # c7
    43.605320, 1.447323, 0.0, # c8
    43.604691, 1.448546, 0.0, # pr
    43.604660, 1.448594, 0.0 # pl
  ]
